-103
-107
-103
-78
-79
-80
-53
-53
-49
-211
-75
-49
-77
-76
-206
-299
-136
-314
-82
-102
1334
-16
212
-55
-140
-8
41
-48
-26
-12
-29
-22
-22
-53
-106
-107
-79
-53
-80
-53
-47
-240
-1724
-157
-26
-75
-628
-286
-53
-106
-125
-125
-99
-450
-235
-77
-73
-287
-75
-74
-297
-26
-78
-4071
-215
-212
-270
-40
-589
-26
-53
-80
-52
-25
-105
-120
-78
-26
-89
-90
-107
-158
-731
-53
-15
-77
-22
-22
-48
-283
-104
-79
-80
-77
-26
-26
-24
-204
-192
-103
-80
-107
-81
-103
-80
-261
-23
-80
-77
-213
-205
-46
-79
-44
-52
-104
-96
-53
-24
-133
-24
-24
-24
-26
-53
-73
-80
-52
-455
-149
-159
-74
-94
-107
-209
-189
-189
-49
-24
-188
-27
-54
-51
-40
-80
-50
-25
-50
-53
52
-214
-25
-13
-12
-17
-17
-17
-402
-105
-26
-387
-52
-107
-236
-51
-253
-78
-80
-22
-23
-23
-23
-46
-51
-46
-25
-133
-18
-13
-21
-533
-188
-50
-26
-52
-53
-53
-53
-12
-78
-80
-23
-26
-22
-24
-24
-24
-24
-24
-57
-26
-26
-24
-211
-79
-106
-26
-103
-53
-79
-133
-132
-51
-51
-32
-227
-24
-53
-26
-26
-52
-79
-25
-25
-161
-100
-45
-133
-80
-26
-215
-26
-400
-25
-50
-106
-80
-106
-210
148
-176
-161
-46
-53
-26
-4
-50
-33
-152
-130
-182
-130
-78
-37
-77
-52
-63
-75
-267
-80
-94
-48
-124
-126
-51
-53
-242
-215
-157
-75
-75
-496
-1133
-77
-80
-188
-321
-134
-25
-53
-27
-53
-46
-80
-53
-53
-27
-105
-25
-54
-25
-49
-102
-102
-45
-91
-376
-182
-52
-106
-186
-53
-43
-267
-53
-178
-53
-134
-105
-76
-107
-108
-54
-27
-52
-26
-79
-80
-53
-52
-181
-77
-26
-79
-103
-98
-160
-52
-53
-51
-52
-50
-50
-53
-77
-78
-26
-254
-50
-50
-50
-50
-50
-50
-50
-80
-100
-25
-102
-26
-53
-53
-49
-23
430
-26
-26
-43
-53
-27
-52
-72
-25
-44
-362
-77
-103
-80
165
-79
-54
-81
-108
-78
-79
-24
-79
-24
-53
-53
-432
-146
-86
-86
-86
-468
-283
-239
-53
-53
-109
-125
-109
-128
-135
-25
-180
-78
-73
-71
-24
-75
-53
-312
-292
-265
-79
-52
-81
-26
-79
-292
-91
-65
-239
-45
-70
-131
-270
-25
-155
-53
-53
-53
-53
-53
-53
-130
-106
-27
-285
-53
-53
-53
-53
-53
-53
-53
-53
-53
-157
-27
-597
-106
-106
-106
-106
-106
-53
-27
-311
-53
-53
-53
-53
-53
-53
-53
-27
-181
-53
-53
-53
-53
-53
-53
-27
-289
-143
-478
-517
-632
-640
-134
-134
-256
-53
-53
-25
-25
-134
-134
-26
-212
-216
-584
-263
-316
-104
-478
-369
-481
-152
-133
-53
-26
-53
-18
-24
-44
-52
-149
-44
-49
-20
-26
-24
-53
-53
-53
-53
-53
-53
-53
-53
-53
-54
-54
-54
-59
-59
-59
-59
-59
-59
-59
-59
-59
-28
-27
-58
-116
-25
-21
-231
-23
-28
-22
-22
-632
-632
-633
-632
-632
-633
-144
-144
-144
-144
-144
-144
-19
-26
-19
-26
-19
-26
-19
-26
-19
-26
-19
-26
-292
-143
-24
-28
-24
-28
-28
-28
-80
-84
-259
-284
-57
-52
-27
-27
-27
-57
-27
-27
-55
-55
-26
-26
-27
-27
-27
-27
-27
-27
-27
-22
-24
-21
-57
-57
-57
-50
-27
-57
-57
-27
-27
-27
-57
-27
-27
-27
-27
-27
-27
-19
-27
-27
-27
-27
-27
-80
-135
-135
-29
-55
-54
-27
-24
-58
-24
-58
-27
-199
-59
-59
-27
-676
-84
-84
-84
-84
-84
-84
-84
-84
-84
-57
-57
-53
-59
-59
-59
-59
-117
-28
-28
-28
-28
-28
-28
-28
-28
-28
-25
-143
-110
-56
-56
-56
-56
-56
-351
-472
-54
-27
-59
-26
-59
-59
-26
-26
-72
-48
-77
-53
-55
-56
-59
-27
-118
-27
-27
-27
-56
-56
-54
-56
-56
-56
-57
-57
-86
-57
-27
-27
-59
-166
-27
-57
-57
-57
-27
-27
-59
-58
-27
-27
-58
-28
-56
-29
-27
-58
-28
-27
-27
-58
-28
-29
-57
-27
-29
-29
-26
-28
-27
-27
-27
-27
-28
-28
-28
-28
-28
-28
-28
-27
-87
-28
-58
-58
-28
-28
-28
-27
-27
-28
-28
-28
-28
-27
-27
-28
-28
-28
-28
-27
-27
-28
-28
-28
-28
-27
-27
-28
-28
-555
-298
-116
-57
-57
-29
-58
-58
-29
-381
-381
-381
-381
-381
-381
-381
-381
-381
-43
-43
-43
-43
-43
-43
-43
-43
-43
-48
-48
-48
-48
-48
-48
-48
-48
-48
-299
-19
-27
-28
-28
-28
-19
-27
-28
-28
-28
-19
-27
-28
-28
-28
-19
-27
-28
-28
-28
-19
-27
-28
-28
-28
-19
-27
-28
-28
-28
-19
-27
-28
-28
-28
-19
-27
-28
-28
-28
-19
-27
-28
-28
-28
-21
-23
-23
-23
-26
-26
-26
-26
-28
-28
-28
-28
-28
-28
-28
-29
-29
-29
-29
-29
-29
-29
-29
-29
-29
-29
-29
-25
-56
-56
-56
-25
-29
-29
-29
-25
-25
-24
-26
-28
-28
-28
-28
-84
-84
-84
-85
-27
-27
-28
-28
-27
-28
-26
-56
-59
-55
-59
-79
-53
-79
-19
-80
-135
-54
-54
-27
-80
-99
-92
-92
-107
-107
-103
-106
-40
-40
-116
-116
-96
-104
-78
-105
-105
-105
-105
-107
-121
-105
-73
-107
-107
-107
-104
-105
-102
-81
-81
-9
113
2
-23
-16
-25
-81
-108
-54
-24
-22
-79
-103
-198
-27
-299
-356
-48
-25
-25
-26
-46
-46
-46
-46
-32
-41
-106
-107
-19
-25
-26
-54
-54
-54
-27
-162
-107
-24
-243
-105
-26
-106
-50
-54
-135
-53
-27
-135
-54
-189
-6
-54
-26
-53
-53
-52
-79
-54
-81
-108
-54
-54
-27
-54
-13
-16
-25
-24
-25
-51
-53
-49
-80
-23
-26
-133
-54
-27
-27
-135
-81
-100
-107
-25
-53
-27
-53
-27
-27
-27
-53
-50
-105
-209
-21
-26
-52
-17
-25
-23
-53
-52
-27
-54
-27
-81
-54
-27
-54
-27
2
-53
-23
-54
-26
-26
51
-1
-27
-27
-108
-26
-53
-54
-54
-27
-27
-27
-26
-45
-43
-43
-46
-52
-52
-52
-52
-26
0
0
0
0
